Beam Problem


===========================================================

Number of Elements used = 2
E =   7.0000e+10
I =   8.1000e-06

Global Stiffness Matrix 'K' is

1.329e+07	5.316e+06	-1.329e+07	5.316e+06	0.000e+00	0.000e+00	
5.316e+06	2.835e+06	-5.316e+06	1.418e+06	0.000e+00	0.000e+00	
-1.329e+07	-5.316e+06	4.479e+07	4.134e+06	-3.150e+07	9.450e+06	
5.316e+06	1.418e+06	4.134e+06	6.615e+06	-9.450e+06	1.890e+06	
0.000e+00	0.000e+00	-3.150e+07	-9.450e+06	3.150e+07	-9.450e+06	
0.000e+00	0.000e+00	9.450e+06	1.890e+06	-9.450e+06	3.780e+06	


Global Load Vector 'F' is

    2.1333e+02
    2.1333e+01
    5.3333e+01
   -1.0667e+01
    1.0000e+03
    0.0000e+00

Reduced Stiffness Matrix after imposing Boundary Condition is

4.479e+07	4.134e+06	-3.150e+07	9.450e+06	
4.134e+06	6.615e+06	-9.450e+06	1.890e+06	
-3.150e+07	-9.450e+06	3.150e+07	-9.450e+06	
9.450e+06	1.890e+06	-9.450e+06	3.780e+06	

Reduced Load vector after imposing Boundary Condition is

    5.3333e+01
   -1.0667e+01
    1.0000e+03
    0.0000e+00

Displacement vector
    0.0000e+00
    0.0000e+00
    6.4966e-04
    1.4260e-03
    1.6322e-03
    1.7434e-03

Reaction Force at Cantilever end = -1053.33N
Reaction Moment at Cantilever end = -1432.00Nm
Displacement at free end = 0.001632m
Rotation at free end = 0.001743


===========================================================

Number of Elements used = 6
E =   7.0000e+10
I =   8.1000e-06

Global Stiffness Matrix 'K' is

3.588e+08	4.784e+07	-3.588e+08	4.784e+07	0.000e+00	0.000e+00	0.000e+00	0.000e+00	0.000e+00	0.000e+00	0.000e+00	0.000e+00	0.000e+00	0.000e+00	
4.784e+07	8.505e+06	-4.784e+07	4.253e+06	0.000e+00	0.000e+00	0.000e+00	0.000e+00	0.000e+00	0.000e+00	0.000e+00	0.000e+00	0.000e+00	0.000e+00	
-3.588e+08	-4.784e+07	7.176e+08	0.000e+00	-3.588e+08	4.784e+07	0.000e+00	0.000e+00	0.000e+00	0.000e+00	0.000e+00	0.000e+00	0.000e+00	0.000e+00	
4.784e+07	4.253e+06	0.000e+00	1.701e+07	-4.784e+07	4.253e+06	0.000e+00	0.000e+00	0.000e+00	0.000e+00	0.000e+00	0.000e+00	0.000e+00	0.000e+00	
0.000e+00	0.000e+00	-3.588e+08	-4.784e+07	7.176e+08	-3.725e-08	-3.588e+08	4.784e+07	0.000e+00	0.000e+00	0.000e+00	0.000e+00	0.000e+00	0.000e+00	
0.000e+00	0.000e+00	4.784e+07	4.253e+06	-1.490e-08	1.701e+07	-4.784e+07	4.253e+06	0.000e+00	0.000e+00	0.000e+00	0.000e+00	0.000e+00	0.000e+00	
0.000e+00	0.000e+00	0.000e+00	0.000e+00	-3.588e+08	-4.784e+07	1.209e+09	3.721e+07	-8.505e+08	8.505e+07	0.000e+00	0.000e+00	0.000e+00	0.000e+00	
0.000e+00	0.000e+00	0.000e+00	0.000e+00	4.784e+07	4.253e+06	3.721e+07	1.985e+07	-8.505e+07	5.670e+06	0.000e+00	0.000e+00	0.000e+00	0.000e+00	
0.000e+00	0.000e+00	0.000e+00	0.000e+00	0.000e+00	0.000e+00	-8.505e+08	-8.505e+07	1.701e+09	0.000e+00	-8.505e+08	8.505e+07	0.000e+00	0.000e+00	
0.000e+00	0.000e+00	0.000e+00	0.000e+00	0.000e+00	0.000e+00	8.505e+07	5.670e+06	0.000e+00	2.268e+07	-8.505e+07	5.670e+06	0.000e+00	0.000e+00	
0.000e+00	0.000e+00	0.000e+00	0.000e+00	0.000e+00	0.000e+00	0.000e+00	0.000e+00	-8.505e+08	-8.505e+07	1.701e+09	0.000e+00	-8.505e+08	8.505e+07	
0.000e+00	0.000e+00	0.000e+00	0.000e+00	0.000e+00	0.000e+00	0.000e+00	0.000e+00	8.505e+07	5.670e+06	0.000e+00	2.268e+07	-8.505e+07	5.670e+06	
0.000e+00	0.000e+00	0.000e+00	0.000e+00	0.000e+00	0.000e+00	0.000e+00	0.000e+00	0.000e+00	0.000e+00	-8.505e+08	-8.505e+07	8.505e+08	-8.505e+07	
0.000e+00	0.000e+00	0.000e+00	0.000e+00	0.000e+00	0.000e+00	0.000e+00	0.000e+00	0.000e+00	0.000e+00	8.505e+07	5.670e+06	-8.505e+07	1.134e+07	


Global Load Vector 'F' is

    1.0864e+02
    4.4774e+00
    8.6914e+01
   -3.5556e+00
    2.7654e+01
    1.1852e+00
    4.3457e+01
   -1.7119e+00
    0.0000e+00
    0.0000e+00
    0.0000e+00
    0.0000e+00
    1.0000e+03
    0.0000e+00

Reduced Stiffness Matrix after imposing Boundary Condition is

7.176e+08	0.000e+00	-3.588e+08	4.784e+07	0.000e+00	0.000e+00	0.000e+00	0.000e+00	0.000e+00	0.000e+00	0.000e+00	0.000e+00	
0.000e+00	1.701e+07	-4.784e+07	4.253e+06	0.000e+00	0.000e+00	0.000e+00	0.000e+00	0.000e+00	0.000e+00	0.000e+00	0.000e+00	
-3.588e+08	-4.784e+07	7.176e+08	-3.725e-08	-3.588e+08	4.784e+07	0.000e+00	0.000e+00	0.000e+00	0.000e+00	0.000e+00	0.000e+00	
4.784e+07	4.253e+06	-1.490e-08	1.701e+07	-4.784e+07	4.253e+06	0.000e+00	0.000e+00	0.000e+00	0.000e+00	0.000e+00	0.000e+00	
0.000e+00	0.000e+00	-3.588e+08	-4.784e+07	1.209e+09	3.721e+07	-8.505e+08	8.505e+07	0.000e+00	0.000e+00	0.000e+00	0.000e+00	
0.000e+00	0.000e+00	4.784e+07	4.253e+06	3.721e+07	1.985e+07	-8.505e+07	5.670e+06	0.000e+00	0.000e+00	0.000e+00	0.000e+00	
0.000e+00	0.000e+00	0.000e+00	0.000e+00	-8.505e+08	-8.505e+07	1.701e+09	0.000e+00	-8.505e+08	8.505e+07	0.000e+00	0.000e+00	
0.000e+00	0.000e+00	0.000e+00	0.000e+00	8.505e+07	5.670e+06	0.000e+00	2.268e+07	-8.505e+07	5.670e+06	0.000e+00	0.000e+00	
0.000e+00	0.000e+00	0.000e+00	0.000e+00	0.000e+00	0.000e+00	-8.505e+08	-8.505e+07	1.701e+09	0.000e+00	-8.505e+08	8.505e+07	
0.000e+00	0.000e+00	0.000e+00	0.000e+00	0.000e+00	0.000e+00	8.505e+07	5.670e+06	0.000e+00	2.268e+07	-8.505e+07	5.670e+06	
0.000e+00	0.000e+00	0.000e+00	0.000e+00	0.000e+00	0.000e+00	0.000e+00	0.000e+00	-8.505e+08	-8.505e+07	8.505e+08	-8.505e+07	
0.000e+00	0.000e+00	0.000e+00	0.000e+00	0.000e+00	0.000e+00	0.000e+00	0.000e+00	8.505e+07	5.670e+06	-8.505e+07	1.134e+07	

Reduced Load vector after imposing Boundary Condition is

    8.6914e+01
   -3.5556e+00
    2.7654e+01
    1.1852e+00
    4.3457e+01
   -1.7119e+00
    0.0000e+00
    0.0000e+00
    0.0000e+00
    0.0000e+00
    1.0000e+03
    0.0000e+00

Displacement vector
    0.0000e+00
    0.0000e+00
    8.5639e-05
    6.1809e-04
    3.1744e-04
    1.0981e-03
    6.5941e-04
    1.4449e-03
    9.6720e-04
    1.6212e-03
    1.3032e-03
    1.7271e-03
    1.6533e-03
    1.7623e-03

Reaction Force at Cantilever end = -1158.02N
Reaction Moment at Cantilever end = -1468.61Nm
Displacement at free end = 0.001653m
Rotation at free end = 0.001762


===========================================================

Number of Elements used = 7
E =   7.0000e+10
I =   8.1000e-06

Global Stiffness Matrix 'K' is

6.804e+12	3.402e+10	-6.804e+12	3.402e+10	0.000e+00	0.000e+00	0.000e+00	0.000e+00	0.000e+00	0.000e+00	0.000e+00	0.000e+00	0.000e+00	0.000e+00	0.000e+00	0.000e+00	
3.402e+10	2.268e+08	-3.402e+10	1.134e+08	0.000e+00	0.000e+00	0.000e+00	0.000e+00	0.000e+00	0.000e+00	0.000e+00	0.000e+00	0.000e+00	0.000e+00	0.000e+00	0.000e+00	
-6.804e+12	-3.402e+10	6.804e+12	-3.397e+10	-4.024e+08	5.164e+07	0.000e+00	0.000e+00	0.000e+00	0.000e+00	0.000e+00	0.000e+00	0.000e+00	0.000e+00	0.000e+00	0.000e+00	
3.402e+10	1.134e+08	-3.397e+10	2.356e+08	-5.164e+07	4.418e+06	0.000e+00	0.000e+00	0.000e+00	0.000e+00	0.000e+00	0.000e+00	0.000e+00	0.000e+00	0.000e+00	0.000e+00	
0.000e+00	0.000e+00	-4.024e+08	-5.164e+07	7.612e+08	-3.800e+06	-3.588e+08	4.784e+07	0.000e+00	0.000e+00	0.000e+00	0.000e+00	0.000e+00	0.000e+00	0.000e+00	0.000e+00	
0.000e+00	0.000e+00	5.164e+07	4.418e+06	-3.800e+06	1.734e+07	-4.784e+07	4.253e+06	0.000e+00	0.000e+00	0.000e+00	0.000e+00	0.000e+00	0.000e+00	0.000e+00	0.000e+00	
0.000e+00	0.000e+00	0.000e+00	0.000e+00	-3.588e+08	-4.784e+07	7.176e+08	-3.725e-08	-3.588e+08	4.784e+07	0.000e+00	0.000e+00	0.000e+00	0.000e+00	0.000e+00	0.000e+00	
0.000e+00	0.000e+00	0.000e+00	0.000e+00	4.784e+07	4.253e+06	-1.490e-08	1.701e+07	-4.784e+07	4.253e+06	0.000e+00	0.000e+00	0.000e+00	0.000e+00	0.000e+00	0.000e+00	
0.000e+00	0.000e+00	0.000e+00	0.000e+00	0.000e+00	0.000e+00	-3.588e+08	-4.784e+07	1.209e+09	3.721e+07	-8.505e+08	8.505e+07	0.000e+00	0.000e+00	0.000e+00	0.000e+00	
0.000e+00	0.000e+00	0.000e+00	0.000e+00	0.000e+00	0.000e+00	4.784e+07	4.253e+06	3.721e+07	1.985e+07	-8.505e+07	5.670e+06	0.000e+00	0.000e+00	0.000e+00	0.000e+00	
0.000e+00	0.000e+00	0.000e+00	0.000e+00	0.000e+00	0.000e+00	0.000e+00	0.000e+00	-8.505e+08	-8.505e+07	1.701e+09	0.000e+00	-8.505e+08	8.505e+07	0.000e+00	0.000e+00	
0.000e+00	0.000e+00	0.000e+00	0.000e+00	0.000e+00	0.000e+00	0.000e+00	0.000e+00	8.505e+07	5.670e+06	0.000e+00	2.268e+07	-8.505e+07	5.670e+06	0.000e+00	0.000e+00	
0.000e+00	0.000e+00	0.000e+00	0.000e+00	0.000e+00	0.000e+00	0.000e+00	0.000e+00	0.000e+00	0.000e+00	-8.505e+08	-8.505e+07	1.701e+09	0.000e+00	-8.505e+08	8.505e+07	
0.000e+00	0.000e+00	0.000e+00	0.000e+00	0.000e+00	0.000e+00	0.000e+00	0.000e+00	0.000e+00	0.000e+00	8.505e+07	5.670e+06	0.000e+00	2.268e+07	-8.505e+07	5.670e+06	
0.000e+00	0.000e+00	0.000e+00	0.000e+00	0.000e+00	0.000e+00	0.000e+00	0.000e+00	0.000e+00	0.000e+00	0.000e+00	0.000e+00	-8.505e+08	-8.505e+07	8.505e+08	-8.505e+07	
0.000e+00	0.000e+00	0.000e+00	0.000e+00	0.000e+00	0.000e+00	0.000e+00	0.000e+00	0.000e+00	0.000e+00	0.000e+00	0.000e+00	8.505e+07	5.670e+06	-8.505e+07	1.134e+07	


Global Load Vector 'F' is

    4.9626e+00
    8.2503e-03
    1.0458e+02
    3.9497e+00
    8.0741e+01
   -3.1207e+00
    2.7654e+01
    1.1852e+00
    4.3457e+01
   -1.7119e+00
    0.0000e+00
    0.0000e+00
    0.0000e+00
    0.0000e+00
    1.0000e+03
    0.0000e+00

Reduced Stiffness Matrix after imposing Boundary Condition is

6.804e+12	-3.397e+10	-4.024e+08	5.164e+07	0.000e+00	0.000e+00	0.000e+00	0.000e+00	0.000e+00	0.000e+00	0.000e+00	0.000e+00	0.000e+00	0.000e+00	
-3.397e+10	2.356e+08	-5.164e+07	4.418e+06	0.000e+00	0.000e+00	0.000e+00	0.000e+00	0.000e+00	0.000e+00	0.000e+00	0.000e+00	0.000e+00	0.000e+00	
-4.024e+08	-5.164e+07	7.612e+08	-3.800e+06	-3.588e+08	4.784e+07	0.000e+00	0.000e+00	0.000e+00	0.000e+00	0.000e+00	0.000e+00	0.000e+00	0.000e+00	
5.164e+07	4.418e+06	-3.800e+06	1.734e+07	-4.784e+07	4.253e+06	0.000e+00	0.000e+00	0.000e+00	0.000e+00	0.000e+00	0.000e+00	0.000e+00	0.000e+00	
0.000e+00	0.000e+00	-3.588e+08	-4.784e+07	7.176e+08	-3.725e-08	-3.588e+08	4.784e+07	0.000e+00	0.000e+00	0.000e+00	0.000e+00	0.000e+00	0.000e+00	
0.000e+00	0.000e+00	4.784e+07	4.253e+06	-1.490e-08	1.701e+07	-4.784e+07	4.253e+06	0.000e+00	0.000e+00	0.000e+00	0.000e+00	0.000e+00	0.000e+00	
0.000e+00	0.000e+00	0.000e+00	0.000e+00	-3.588e+08	-4.784e+07	1.209e+09	3.721e+07	-8.505e+08	8.505e+07	0.000e+00	0.000e+00	0.000e+00	0.000e+00	
0.000e+00	0.000e+00	0.000e+00	0.000e+00	4.784e+07	4.253e+06	3.721e+07	1.985e+07	-8.505e+07	5.670e+06	0.000e+00	0.000e+00	0.000e+00	0.000e+00	
0.000e+00	0.000e+00	0.000e+00	0.000e+00	0.000e+00	0.000e+00	-8.505e+08	-8.505e+07	1.701e+09	0.000e+00	-8.505e+08	8.505e+07	0.000e+00	0.000e+00	
0.000e+00	0.000e+00	0.000e+00	0.000e+00	0.000e+00	0.000e+00	8.505e+07	5.670e+06	0.000e+00	2.268e+07	-8.505e+07	5.670e+06	0.000e+00	0.000e+00	
0.000e+00	0.000e+00	0.000e+00	0.000e+00	0.000e+00	0.000e+00	0.000e+00	0.000e+00	-8.505e+08	-8.505e+07	1.701e+09	0.000e+00	-8.505e+08	8.505e+07	
0.000e+00	0.000e+00	0.000e+00	0.000e+00	0.000e+00	0.000e+00	0.000e+00	0.000e+00	8.505e+07	5.670e+06	0.000e+00	2.268e+07	-8.505e+07	5.670e+06	
0.000e+00	0.000e+00	0.000e+00	0.000e+00	0.000e+00	0.000e+00	0.000e+00	0.000e+00	0.000e+00	0.000e+00	-8.505e+08	-8.505e+07	8.505e+08	-8.505e+07	
0.000e+00	0.000e+00	0.000e+00	0.000e+00	0.000e+00	0.000e+00	0.000e+00	0.000e+00	0.000e+00	0.000e+00	8.505e+07	5.670e+06	-8.505e+07	1.134e+07	

Reduced Load vector after imposing Boundary Condition is

    1.0458e+02
    3.9497e+00
    8.0741e+01
   -3.1207e+00
    2.7654e+01
    1.1852e+00
    4.3457e+01
   -1.7119e+00
    0.0000e+00
    0.0000e+00
    0.0000e+00
    0.0000e+00
    1.0000e+03
    0.0000e+00

Displacement vector
    0.0000e+00
    0.0000e+00
    1.2947e-07
    2.5857e-05
    8.5618e-05
    6.1798e-04
    3.1740e-04
    1.0980e-03
    6.5933e-04
    1.4448e-03
    9.6710e-04
    1.6211e-03
    1.3031e-03
    1.7270e-03
    1.6532e-03
    1.7622e-03

Reaction Force at Cantilever end = -1256.44N
Reaction Moment at Cantilever end = -1472.39Nm
Displacement at free end = 0.001653m
Rotation at free end = 0.001762

ANALYTICAL SOLUTION
====================
Reaction Force at Cantilever end = -1266.67N
Reaction Moment at Cantilever end = -1453.33Nm
Displacement at free end = 0.001626m
Rotation at free end = 0.001736
