Beam Problem


===========================================================
E =   2.0000e+11
I1 =   5.0000e-09;	I2 =   2.0000e-08

Number of Elements used = 2
Global Stiffness Matrix 'K' is

1.200e+07	6.000e+05	-1.200e+07	6.000e+05	0.000e+00	0.000e+00	
6.000e+05	4.000e+04	-6.000e+05	2.000e+04	0.000e+00	0.000e+00	
-1.200e+07	-6.000e+05	1.800e+07	0.000e+00	-6.000e+06	6.000e+05	
6.000e+05	2.000e+04	-1.164e-10	1.200e+05	-6.000e+05	4.000e+04	
0.000e+00	0.000e+00	-6.000e+06	-6.000e+05	6.000e+06	-6.000e+05	
0.000e+00	0.000e+00	6.000e+05	4.000e+04	-6.000e+05	8.000e+04	


Global Load Vector 'F' is

    2.5000e+01
    4.1667e-01
    1.0250e+03
   -4.1667e-01
    0.0000e+00
    5.0000e+03

Reduced Stiffness Matrix after imposing Boundary Condition is

1.800e+07	0.000e+00	6.000e+05	
-1.164e-10	1.200e+05	4.000e+04	
6.000e+05	4.000e+04	8.000e+04	

Reduced Load vector after imposing Boundary Condition is

    1.0250e+03
   -4.1667e-01
    5.0000e+03

 Displacement vector
    0.0000e+00
    0.0000e+00
   -3.4902e-03
   -3.5475e-02
    0.0000e+00
    1.0641e-01

Node		Displacement		Rotation
1			0.000000			0.000000
2			-0.003490			-0.035475
3			0.000000			0.106414


===========================================================
E =   2.0000e+11
I1 =   5.0000e-09;	I2 =   2.0000e-08

Number of Elements used = 6
Global Stiffness Matrix 'K' is

3.240e+08	5.400e+06	-3.240e+08	5.400e+06	0.000e+00	0.000e+00	0.000e+00	0.000e+00	0.000e+00	0.000e+00	0.000e+00	0.000e+00	0.000e+00	0.000e+00	
5.400e+06	1.200e+05	-5.400e+06	6.000e+04	0.000e+00	0.000e+00	0.000e+00	0.000e+00	0.000e+00	0.000e+00	0.000e+00	0.000e+00	0.000e+00	0.000e+00	
-3.240e+08	-5.400e+06	6.480e+08	0.000e+00	-3.240e+08	5.400e+06	0.000e+00	0.000e+00	0.000e+00	0.000e+00	0.000e+00	0.000e+00	0.000e+00	0.000e+00	
5.400e+06	6.000e+04	0.000e+00	2.400e+05	-5.400e+06	6.000e+04	0.000e+00	0.000e+00	0.000e+00	0.000e+00	0.000e+00	0.000e+00	0.000e+00	0.000e+00	
0.000e+00	0.000e+00	-3.240e+08	-5.400e+06	6.480e+08	-2.794e-09	-3.240e+08	5.400e+06	0.000e+00	0.000e+00	0.000e+00	0.000e+00	0.000e+00	0.000e+00	
0.000e+00	0.000e+00	5.400e+06	6.000e+04	-2.794e-09	2.400e+05	-5.400e+06	6.000e+04	0.000e+00	0.000e+00	0.000e+00	0.000e+00	0.000e+00	0.000e+00	
0.000e+00	0.000e+00	0.000e+00	0.000e+00	-3.240e+08	-5.400e+06	4.860e+08	0.000e+00	-1.620e+08	5.400e+06	0.000e+00	0.000e+00	0.000e+00	0.000e+00	
0.000e+00	0.000e+00	0.000e+00	0.000e+00	5.400e+06	6.000e+04	0.000e+00	3.600e+05	-5.400e+06	1.200e+05	0.000e+00	0.000e+00	0.000e+00	0.000e+00	
0.000e+00	0.000e+00	0.000e+00	0.000e+00	0.000e+00	0.000e+00	-1.620e+08	-5.400e+06	3.240e+08	4.657e-09	-1.620e+08	5.400e+06	0.000e+00	0.000e+00	
0.000e+00	0.000e+00	0.000e+00	0.000e+00	0.000e+00	0.000e+00	5.400e+06	1.200e+05	5.588e-09	4.800e+05	-5.400e+06	1.200e+05	0.000e+00	0.000e+00	
0.000e+00	0.000e+00	0.000e+00	0.000e+00	0.000e+00	0.000e+00	0.000e+00	0.000e+00	-1.620e+08	-5.400e+06	3.240e+08	-8.382e-09	-1.620e+08	5.400e+06	
0.000e+00	0.000e+00	0.000e+00	0.000e+00	0.000e+00	0.000e+00	0.000e+00	0.000e+00	5.400e+06	1.200e+05	-8.382e-09	4.800e+05	-5.400e+06	1.200e+05	
0.000e+00	0.000e+00	0.000e+00	0.000e+00	0.000e+00	0.000e+00	0.000e+00	0.000e+00	0.000e+00	0.000e+00	-1.620e+08	-5.400e+06	1.620e+08	-5.400e+06	
0.000e+00	0.000e+00	0.000e+00	0.000e+00	0.000e+00	0.000e+00	0.000e+00	0.000e+00	0.000e+00	0.000e+00	5.400e+06	1.200e+05	-5.400e+06	2.400e+05	


Global Load Vector 'F' is

    8.3333e+00
    4.6296e-02
    1.6667e+01
    0.0000e+00
    1.6667e+01
    2.0817e-17
    1.0083e+03
   -4.6296e-02
    0.0000e+00
    0.0000e+00
    0.0000e+00
    0.0000e+00
    0.0000e+00
    5.0000e+03

Reduced Stiffness Matrix after imposing Boundary Condition is

6.480e+08	0.000e+00	-3.240e+08	5.400e+06	0.000e+00	0.000e+00	0.000e+00	0.000e+00	0.000e+00	0.000e+00	0.000e+00	
0.000e+00	2.400e+05	-5.400e+06	6.000e+04	0.000e+00	0.000e+00	0.000e+00	0.000e+00	0.000e+00	0.000e+00	0.000e+00	
-3.240e+08	-5.400e+06	6.480e+08	-2.794e-09	-3.240e+08	5.400e+06	0.000e+00	0.000e+00	0.000e+00	0.000e+00	0.000e+00	
5.400e+06	6.000e+04	-2.794e-09	2.400e+05	-5.400e+06	6.000e+04	0.000e+00	0.000e+00	0.000e+00	0.000e+00	0.000e+00	
0.000e+00	0.000e+00	-3.240e+08	-5.400e+06	4.860e+08	0.000e+00	-1.620e+08	5.400e+06	0.000e+00	0.000e+00	0.000e+00	
0.000e+00	0.000e+00	5.400e+06	6.000e+04	0.000e+00	3.600e+05	-5.400e+06	1.200e+05	0.000e+00	0.000e+00	0.000e+00	
0.000e+00	0.000e+00	0.000e+00	0.000e+00	-1.620e+08	-5.400e+06	3.240e+08	4.657e-09	-1.620e+08	5.400e+06	0.000e+00	
0.000e+00	0.000e+00	0.000e+00	0.000e+00	5.400e+06	1.200e+05	5.588e-09	4.800e+05	-5.400e+06	1.200e+05	0.000e+00	
0.000e+00	0.000e+00	0.000e+00	0.000e+00	0.000e+00	0.000e+00	-1.620e+08	-5.400e+06	3.240e+08	-8.382e-09	5.400e+06	
0.000e+00	0.000e+00	0.000e+00	0.000e+00	0.000e+00	0.000e+00	5.400e+06	1.200e+05	-8.382e-09	4.800e+05	1.200e+05	
0.000e+00	0.000e+00	0.000e+00	0.000e+00	0.000e+00	0.000e+00	0.000e+00	0.000e+00	5.400e+06	1.200e+05	2.400e+05	

Reduced Load vector after imposing Boundary Condition is

    1.6667e+01
    0.0000e+00
    1.6667e+01
    2.0817e-17
    1.0083e+03
   -4.6296e-02
    0.0000e+00
    0.0000e+00
    0.0000e+00
    0.0000e+00
    5.0000e+03

 Displacement vector
    0.0000e+00
    0.0000e+00
   -6.4198e-04
   -3.4708e-02
   -2.0597e-03
   -4.6539e-02
   -3.4902e-03
   -3.5475e-02
   -5.2129e-03
   -1.2203e-02
   -4.5834e-03
    3.5093e-02
    0.0000e+00
    1.0641e-01

Node		Displacement		Rotation
1			0.000000			0.000000
2			-0.000642			-0.034708
3			-0.002060			-0.046539
4			-0.003490			-0.035475
5			-0.005213			-0.012203
6			-0.004583			0.035093
7			0.000000			0.106414
